x86 Instruction Test                                               v00.00.01
(C)opyright 1984-2021                                 Forever Young Software
Found 186...
Found 286...
Found 386...
Test: AAA
00000: 00000000 00000000 00000000 00000000 00000000 00000000 00000000 00000000
00001: 00000009 00000000 00000000 00000000 00000000 00000000 00000000 00000000
00002: 00000100 00000000 00000000 00000000 00000000 00000000 00000000 00000011
00003: 00000105 00000000 00000000 00000000 00000000 00000000 00000000 00000011
00004: 00000000 00000000 00000000 00000000 00000000 00000000 00000000 00000000
Test: AAD
00005: 00000000 00000000 00000000 00000000 00000000 00000000 00000000 00000044
00006: 0000002D 00000000 00000000 00000000 00000000 00000000 00000000 00000004
00007: 000000FF 00000000 00000000 00000000 00000000 00000000 00000000 00000084
00008: 000000F6 00000000 00000000 00000000 00000000 00000000 00000000 00000084
Test: AAS
00009: 00000000 00000000 00000000 00000000 00000000 00000000 00000000 00000000
00010: 00000009 00000000 00000000 00000000 00000000 00000000 00000000 00000000
00011: 0000FF04 00000000 00000000 00000000 00000000 00000000 00000000 00000011
00012: 0000FF09 00000000 00000000 00000000 00000000 00000000 00000000 00000011
00013: 00000000 00000000 00000000 00000000 00000000 00000000 00000000 00000000
Test: ADD
00014: 000000FF 00000000 00000000 00000000 00000000 00000000 00000000 00000084
00015: 00000000 00000000 00000000 00000000 00000000 00000000 00000000 00000055
00016: 00000000 00000000 00000001 00000000 00000000 00000000 00000000 00000000
00017: 00000000 00000000 00000001 00000002 00000000 00000000 00000000 00000000
00018: 00007F00 00000000 00000001 00000002 00000000 00000000 00000000 00000000
00019: 00000000 00008000 00000001 00000002 00000000 00000000 00000000 00000890
00020: 00000000 00008000 00008101 00000002 00000000 00000000 00000000 00000084
00021: 00000000 00008000 00008101 00008202 00000000 00000000 00000000 00000084
00022: 00007978 00008000 00008101 00008202 00000000 00000000 00000000 00000000
00023: 0000FFFF 00008000 00008101 00008202 00000000 00000000 00000000 00000084
00024: 00000000 00000000 00008101 00008202 00000000 00000000 00000000 00000055
00025: 00000000 00000000 00000001 00008202 00000000 00000000 00000000 00000000
00026: 00000000 00000000 00000001 00000002 00000000 00000000 00000000 00000000
00027: 00007FFF 00000000 00000001 00000002 00000000 00000000 00000000 00000004
00028: 00000000 00008000 00000001 00000002 00000000 00000000 00000000 00000894
00029: 00000000 00008000 00008001 00000002 00000000 00000000 00000000 00000080
00030: 00000000 00008000 00008001 00008002 00000000 00000000 00000000 00000080
00031: 00005679 0000567A 00008001 00008002 00000000 00000000 00000000 00000000
00032: FFFFFFFF 0000567A 00008001 00008002 00000000 00000000 00000000 00000084
00033: FFFF0000 00000000 00008001 00008002 00000000 00000000 00000000 00000055
00034: FFFF0000 00000000 00000001 00008002 00000000 00000000 00000000 00000000
00035: FFFF0000 00000000 00000001 00000002 00000000 00000000 00000000 00000000
00036: 7FFFFFFF 00000000 00000001 00000002 00000000 00000000 00000000 00000004
00037: 7FFF0000 80000000 00000001 00000002 00000000 00000000 00000000 00000894
00038: 7FFF0000 80000000 80000001 00000002 00000000 00000000 00000000 00000080
00039: 7FFF0000 80000000 80000001 80000002 00000000 00000000 00000000 00000080
00040: 1234567A 1234567B 80000001 80000002 00000000 00000000 00000000 00000004
Test: ADC
00041: 000000FF 00000000 00000000 00000000 00000000 00000000 00000000 00000084
00042: 000000FF 00000000 00000000 00000000 00000000 00000000 00000000 00000084
00043: 000000FF 00000000 00000000 00000000 00000000 00000000 00000000 00000005
00044: 00000000 00000000 00000000 00000000 00000000 00000000 00000000 00000055
00045: 00000000 00000001 00000000 00000000 00000000 00000000 00000000 00000011
00046: 00000000 00000001 00000002 00000000 00000000 00000000 00000000 00000000
00047: 00000000 00000001 00000002 00000003 00000000 00000000 00000000 00000004
00048: 00008000 00000001 00000002 00000003 00000000 00000000 00000000 00000890
00049: 00000000 00008101 00000002 00000003 00000000 00000000 00000000 00000894
00050: 00000000 00008101 00008202 00000003 00000000 00000000 00000000 00000084
00051: 00000000 00008101 00008202 00008303 00000000 00000000 00000000 00000080
00052: 00007D7B 00008101 00008202 00008303 00000000 00000000 00000000 00000004
00053: 0000FFFF 00008101 00008202 00008303 00000000 00000000 00000000 00000084
00054: 00000000 00008101 00008202 00008303 00000000 00000000 00000000 00000055
00055: 00000000 00000001 00008202 00008303 00000000 00000000 00000000 00000011
00056: 00000000 00000001 00000002 00008303 00000000 00000000 00000000 00000000
00057: 00000000 00000001 00000002 00000003 00000000 00000000 00000000 00000004
00058: 00008000 00000001 00000002 00000003 00000000 00000000 00000000 00000894
00059: 00000000 00008001 00000002 00000003 00000000 00000000 00000000 00000890
00060: 00000000 00008001 00008002 00000003 00000000 00000000 00000000 00000080
00061: 00000000 00008001 00008002 00008003 00000000 00000000 00000000 00000084
00062: 0000567D 0000567F 00008002 00008003 00000000 00000000 00000000 00000000
00063: 00000000 0000567F 00008002 00008003 00000000 00000000 00000000 00000055
00064: 00000000 00000001 00008002 00008003 00000000 00000000 00000000 00000011
00065: 00000000 00000001 00000002 00008003 00000000 00000000 00000000 00000000
00066: 00000000 00000001 00000002 00000003 00000000 00000000 00000000 00000004
00067: 80000000 00000001 00000002 00000003 00000000 00000000 00000000 00000894
00068: 80000000 80000001 00000002 00000003 00000000 00000000 00000000 00000890
00069: 80000000 80000001 80000002 00000003 00000000 00000000 00000000 00000080
00070: 80000000 80000001 80000002 80000003 00000000 00000000 00000000 00000084
00071: 1234567F 12345681 80000002 80000003 00000000 00000000 00000000 00000014
Test: SUB
00072: 000000FD 00000000 00000000 00000000 00000000 00000000 00000000 00000080
00073: 00000000 000000FE 00000000 00000000 00000000 00000000 00000000 00000080
00074: 00000000 000000FE 000000FF 00000000 00000000 00000000 00000000 00000095
00075: 00000000 000000FE 000000FF 00000000 00000000 00000000 00000000 00000044
00076: 00007D00 000000FE 000000FF 00000000 00000000 00000000 00000000 00000004
00077: 00000000 00007EFE 000000FF 00000000 00000000 00000000 00000000 00000004
00078: 00000000 00007EFE 00007FFF 00000000 00000000 00000000 00000000 00000810
00079: 00000000 00007EFE 00007FFF 00008000 00000000 00000000 00000000 00000080
00080: 00008081 00007EFE 00007FFF 00008000 00000000 00000000 00000000 00000080
00081: 0000FFFD 00007EFE 00007FFF 00008000 00000000 00000000 00000000 00000080
00082: 00000000 0000FFFE 00007FFF 00008000 00000000 00000000 00000000 00000080
00083: 00000000 0000FFFE 0000FFFF 00008000 00000000 00000000 00000000 00000095
00084: 00000000 0000FFFE 0000FFFF 00000000 00000000 00000000 00000000 00000044
00085: 00007FFD 0000FFFE 0000FFFF 00000000 00000000 00000000 00000000 00000000
00086: 00000000 00007FFE 0000FFFF 00000000 00000000 00000000 00000000 00000000
00087: 00000000 00007FFE 00007FFF 00000000 00000000 00000000 00000000 00000814
00088: 00000000 00007FFE 00007FFF 00008000 00000000 00000000 00000000 00000084
00089: 00005680 0000567F 00007FFF 00008000 00000000 00000000 00000000 00000010
00090: FFFFFFFD 0000567F 00007FFF 00008000 00000000 00000000 00000000 00000080
00091: FFFF0000 FFFFFFFE 00007FFF 00008000 00000000 00000000 00000000 00000080
00092: FFFF0000 FFFFFFFE FFFFFFFF 00008000 00000000 00000000 00000000 00000095
00093: FFFF0000 FFFFFFFE FFFFFFFF 00000000 00000000 00000000 00000000 00000044
00094: 7FFFFFFD FFFFFFFE FFFFFFFF 00000000 00000000 00000000 00000000 00000000
00095: 7FFF0000 7FFFFFFE FFFFFFFF 00000000 00000000 00000000 00000000 00000000
00096: 7FFF0000 7FFFFFFE 7FFFFFFF 00000000 00000000 00000000 00000000 00000814
00097: 7FFF0000 7FFFFFFE 7FFFFFFF 80000000 00000000 00000000 00000000 00000084
00098: 1234567F 1234567E 7FFFFFFF 80000000 00000000 00000000 00000000 00000004
Test: SBB
00099: 000000FC 00000000 00000000 00000000 00000000 00000000 00000000 00000084
00100: 00000000 000000FD 00000000 00000000 00000000 00000000 00000000 00000080
00101: 00000000 000000FD 000000FE 00000000 00000000 00000000 00000000 00000091
00102: 00000000 000000FD 000000FE 000000FF 00000000 00000000 00000000 00000095
00103: 00007C00 000000FD 000000FE 000000FF 00000000 00000000 00000000 00000000
00104: 00000000 00007DFD 000000FE 000000FF 00000000 00000000 00000000 00000004
00105: 00000000 00007DFD 00007EFE 000000FF 00000000 00000000 00000000 00000814
00106: 00000000 00007DFD 00007EFE 00007FFF 00000000 00000000 00000000 00000810
00107: 00007C7E 00007DFD 00007EFE 00007FFF 00000000 00000000 00000000 00000000
00108: 0000FFFC 00007DFD 00007EFE 00007FFF 00000000 00000000 00000000 00000084
00109: 00000000 0000FFFD 00007EFE 00007FFF 00000000 00000000 00000000 00000080
00110: 00000000 0000FFFD 0000FFFE 00007FFF 00000000 00000000 00000000 00000091
00111: 00000000 0000FFFD 0000FFFE 0000FFFF 00000000 00000000 00000000 00000095
00112: 00007FFC 0000FFFD 0000FFFE 0000FFFF 00000000 00000000 00000000 00000004
00113: 00000000 00007FFD 0000FFFE 0000FFFF 00000000 00000000 00000000 00000000
00114: 00000000 00007FFD 00007FFE 0000FFFF 00000000 00000000 00000000 00000810
00115: 00000000 00007FFD 00007FFE 00007FFF 00000000 00000000 00000000 00000814
00116: 0000567C 0000567A 00007FFE 00007FFF 00000000 00000000 00000000 00000000
00117: FFFFFFFC 0000567A 00007FFE 00007FFF 00000000 00000000 00000000 00000084
00118: FFFF0000 FFFFFFFD 00007FFE 00007FFF 00000000 00000000 00000000 00000080
00119: FFFF0000 FFFFFFFD FFFFFFFE 00007FFF 00000000 00000000 00000000 00000091
00120: FFFF0000 FFFFFFFD FFFFFFFE FFFFFFFF 00000000 00000000 00000000 00000095
00121: 7FFFFFFC FFFFFFFD FFFFFFFE FFFFFFFF 00000000 00000000 00000000 00000004
00122: 7FFF0000 7FFFFFFD FFFFFFFE FFFFFFFF 00000000 00000000 00000000 00000000
00123: 7FFF0000 7FFFFFFD 7FFFFFFE FFFFFFFF 00000000 00000000 00000000 00000810
00124: 7FFF0000 7FFFFFFD 7FFFFFFE 7FFFFFFF 00000000 00000000 00000000 00000814
00125: 1234567A 12345678 7FFFFFFE 7FFFFFFF 00000000 00000000 00000000 00000004
Test: AND
00126: 00000000 00000000 00000000 00000000 00000000 00000000 00000000 00000044
00127: 00000000 00000001 00000000 00000000 00000000 00000000 00000000 00000000
00128: 00000000 00000001 00000000 00000000 00000000 00000000 00000000 00000044
00129: 00000000 00000001 00000000 00000001 00000000 00000000 00000000 00000000
00130: 00000000 00000001 00000000 00000001 00000000 00000000 00000000 00000044
00131: 00000000 00000101 00000000 00000001 00000000 00000000 00000000 00000000
00132: 00000000 00000101 00000000 00000001 00000000 00000000 00000000 00000044
00133: 00000000 00000101 00000000 00000101 00000000 00000000 00000000 00000000
00134: 00000078 00000101 00000000 00000101 00000000 00000000 00000000 00000044
00135: 00000000 00000101 00000000 00000101 00000000 00000000 00000000 00000044
00136: 00000000 00000001 00000000 00000101 00000000 00000000 00000000 00000000
00137: 00000000 00000001 00000000 00000101 00000000 00000000 00000000 00000044
00138: 00000000 00000001 00000000 00000001 00000000 00000000 00000000 00000000
00139: 00000000 00000001 00000000 00000001 00000000 00000000 00000000 00000044
00140: 00000000 00000001 00000000 00000001 00000000 00000000 00000000 00000000
00141: 00000000 00000001 00000000 00000001 00000000 00000000 00000000 00000044
00142: 00000000 00000001 00000000 00000001 00000000 00000000 00000000 00000000
00143: 00005600 00000000 00000000 00000001 00000000 00000000 00000000 00000044
00144: 00000000 00000000 00000000 00000001 00000000 00000000 00000000 00000044
00145: 00000000 00000001 00000000 00000001 00000000 00000000 00000000 00000000
00146: 00000000 00000001 00000000 00000001 00000000 00000000 00000000 00000044
00147: 00000000 00000001 00000000 00000001 00000000 00000000 00000000 00000000
00148: 00000000 00000001 00000000 00000001 00000000 00000000 00000000 00000044
00149: 00000000 00000001 00000000 00000001 00000000 00000000 00000000 00000000
00150: 00000000 00000001 00000000 00000001 00000000 00000000 00000000 00000044
00151: 00000000 00000001 00000000 00000001 00000000 00000000 00000000 00000000
00152: 12340000 00000000 00000000 00000001 00000000 00000000 00000000 00000044
Test: OR
00153: 000000FF 00000000 00000000 00000000 00000000 00000000 00000000 00000084
00154: 00000000 000000FF 00000000 00000000 00000000 00000000 00000000 00000084
00155: 00000000 000000FF 00000001 00000000 00000000 00000000 00000000 00000000
00156: 00000000 000000FF 00000001 00000001 00000000 00000000 00000000 00000000
00157: 00007F00 000000FF 00000001 00000001 00000000 00000000 00000000 00000000
00158: 00000000 00007FFF 00000001 00000001 00000000 00000000 00000000 00000000
00159: 00000000 00007FFF 00008101 00000001 00000000 00000000 00000000 00000084
00160: 00000000 00007FFF 00008101 00008101 00000000 00000000 00000000 00000084
00161: 00000100 00007FFF 00008101 00008101 00000000 00000000 00000000 00000000
00162: 0000FFFF 00007FFF 00008101 00008101 00000000 00000000 00000000 00000084
00163: 00000000 0000FFFF 00008101 00008101 00000000 00000000 00000000 00000084
00164: 00000000 0000FFFF 00000001 00008101 00000000 00000000 00000000 00000000
00165: 00000000 0000FFFF 00000001 00000001 00000000 00000000 00000000 00000000
00166: 00007FFF 0000FFFF 00000001 00000001 00000000 00000000 00000000 00000004
00167: 00000000 00007FFF 00000001 00000001 00000000 00000000 00000000 00000004
00168: 00000000 00007FFF 00008001 00000001 00000000 00000000 00000000 00000080
00169: 00000000 00007FFF 00008001 00008001 00000000 00000000 00000000 00000080
00170: 00000001 00000001 00008001 00008001 00000000 00000000 00000000 00000000
00171: FFFFFFFF 00000001 00008001 00008001 00000000 00000000 00000000 00000084
00172: FFFF0000 FFFFFFFF 00008001 00008001 00000000 00000000 00000000 00000084
00173: FFFF0000 FFFFFFFF 00000001 00008001 00000000 00000000 00000000 00000000
00174: FFFF0000 FFFFFFFF 00000001 00000001 00000000 00000000 00000000 00000000
00175: 7FFFFFFF FFFFFFFF 00000001 00000001 00000000 00000000 00000000 00000004
00176: 7FFF0000 7FFFFFFF 00000001 00000001 00000000 00000000 00000000 00000004
00177: 7FFF0000 7FFFFFFF 80000001 00000001 00000000 00000000 00000000 00000080
00178: 7FFF0000 7FFFFFFF 80000001 80000001 00000000 00000000 00000000 00000080
00179: 00000001 00000001 80000001 80000001 00000000 00000000 00000000 00000000
Test: TEST
00180: 000000FE 00000000 00000000 00000000 00000000 00000000 00000000 00000044
00181: 00000000 000000FF 00000000 00000000 00000000 00000000 00000000 00000000
00182: 00000000 000000FF 00000000 00000000 00000000 00000000 00000000 00000044
00183: 00000000 000000FF 00000000 00000001 00000000 00000000 00000000 00000000
00184: 00007E00 000000FF 00000000 00000001 00000000 00000000 00000000 00000044
00185: 00000000 00007FFF 00000000 00000001 00000000 00000000 00000000 00000000
00186: 00000000 00007FFF 00008000 00000001 00000000 00000000 00000000 00000044
00187: 00000000 00007FFF 00008000 00008101 00000000 00000000 00000000 00000000
00188: 00000101 00007FFF 00008000 00008101 00000000 00000000 00000000 00000000
00189: 0000FFFE 00007FFF 00008000 00008101 00000000 00000000 00000000 00000044
00190: 00000000 0000FFFF 00008000 00008101 00000000 00000000 00000000 00000000
00191: 00000000 0000FFFF 00000000 00008101 00000000 00000000 00000000 00000044
00192: 00000000 0000FFFF 00000000 00000001 00000000 00000000 00000000 00000000
00193: 00007FFE 0000FFFF 00000000 00000001 00000000 00000000 00000000 00000044
00194: 00000000 00007FFF 00000000 00000001 00000000 00000000 00000000 00000000
00195: 00000000 00007FFF 00008000 00000001 00000000 00000000 00000000 00000044
00196: 00000000 00007FFF 00008000 00008001 00000000 00000000 00000000 00000000
00197: 00000001 00000001 00008000 00008001 00000000 00000000 00000000 00000000
00198: FFFFFFFE 00000001 00008000 00008001 00000000 00000000 00000000 00000044
00199: FFFF0000 FFFFFFFF 00008000 00008001 00000000 00000000 00000000 00000000
00200: FFFF0000 FFFFFFFF 00000000 00008001 00000000 00000000 00000000 00000044
00201: FFFF0000 FFFFFFFF 00000000 00000001 00000000 00000000 00000000 00000000
00202: 7FFFFFFE FFFFFFFF 00000000 00000001 00000000 00000000 00000000 00000044
00203: 7FFF0000 7FFFFFFF 00000000 00000001 00000000 00000000 00000000 00000000
00204: 7FFF0000 7FFFFFFF 80000000 00000001 00000000 00000000 00000000 00000044
00205: 7FFF0000 7FFFFFFF 80000000 80000001 00000000 00000000 00000000 00000000
00206: 00000001 00000001 80000000 80000001 00000000 00000000 00000000 00000000
Test: XOR
00207: 000000FF 00000000 00000000 00000000 00000000 00000000 00000000 00000084
00208: 00000000 000000FE 00000000 00000000 00000000 00000000 00000000 00000080
00209: 00000000 000000FE 00000001 00000000 00000000 00000000 00000000 00000000
00210: 00000000 000000FE 00000001 00000000 00000000 00000000 00000000 00000044
00211: 00007F00 000000FE 00000001 00000000 00000000 00000000 00000000 00000000
00212: 00000000 00007EFE 00000001 00000000 00000000 00000000 00000000 00000004
00213: 00000000 00007EFE 00008101 00000000 00000000 00000000 00000000 00000084
00214: 00000000 00007EFE 00008101 00008000 00000000 00000000 00000000 00000080
00215: 00000001 00007EFE 00008101 00008000 00000000 00000000 00000000 00000044
00216: 0000FFFF 00007EFE 00008101 00008000 00000000 00000000 00000000 00000084
00217: 00000000 0000FFFE 00008101 00008000 00000000 00000000 00000000 00000080
00218: 00000000 0000FFFE 00000001 00008000 00000000 00000000 00000000 00000000
00219: 00000000 0000FFFE 00000001 00000000 00000000 00000000 00000000 00000044
00220: 00007FFF 0000FFFE 00000001 00000000 00000000 00000000 00000000 00000004
00221: 00000000 00007FFE 00000001 00000000 00000000 00000000 00000000 00000000
00222: 00000000 00007FFE 00008001 00000000 00000000 00000000 00000000 00000080
00223: 00000000 00007FFE 00008001 00008000 00000000 00000000 00000000 00000084
00224: 00000000 00000001 00008001 00008000 00000000 00000000 00000000 00000000
00225: FFFFFFFF 00000001 00008001 00008000 00000000 00000000 00000000 00000084
00226: FFFF0000 FFFFFFFE 00008001 00008000 00000000 00000000 00000000 00000080
00227: FFFF0000 FFFFFFFE 00000001 00008000 00000000 00000000 00000000 00000000
00228: FFFF0000 FFFFFFFE 00000001 00000000 00000000 00000000 00000000 00000044
00229: 7FFFFFFF FFFFFFFE 00000001 00000000 00000000 00000000 00000000 00000004
00230: 7FFF0000 7FFFFFFE 00000001 00000000 00000000 00000000 00000000 00000000
00231: 7FFF0000 7FFFFFFE 80000001 00000000 00000000 00000000 00000000 00000080
00232: 7FFF0000 7FFFFFFE 80000001 80000000 00000000 00000000 00000000 00000084
00233: 00000001 00000000 80000001 80000000 00000000 00000000 00000000 00000044
Test: BOUND
00234: 00000018 00000000 00000000 00000000 00000000 00000000 00000000 00000000
00235: 0000BAD5 00000000 00000000 00000000 00000000 00000000 00000000 00000000
00236: 0000012C 00000000 00000000 00000000 00000000 00000000 00000000 00000000
00237: 0000BAD5 00000000 00000000 00000000 00000000 00000000 00000000 00000000
Test: BSF
00238: 00000000 00000000 00000000 00000000 00000000 00000000 00000000 00000000
00239: 00000000 00000000 00000000 00000000 00000000 00000000 00000000 00000000
00240: 00000000 00000000 00000000 00000000 00000000 00000000 00000000 00000040
00241: 0000000F 00000000 00000000 00000000 00000000 00000000 00000000 00000000
00242: 00000000 00000000 00000000 00000000 00000000 00000000 00000000 00000000
00243: 00000000 00000000 00000000 00000000 00000000 00000000 00000000 00000000
00244: 00000000 00000000 00000000 00000000 00000000 00000000 00000000 00000040
00245: 00000000 00000000 00000000 00000000 00000000 00000000 00000000 00000040
Test: BSR
00246: 0000000F 00000000 00000000 00000000 00000000 00000000 00000000 00000000
00247: 00000000 00000000 00000000 00000000 00000000 00000000 00000000 00000000
00248: 00000000 00000000 00000000 00000000 00000000 00000000 00000000 00000040
00249: 0000000F 00000000 00000000 00000000 00000000 00000000 00000000 00000000
00250: 0000001F 00000000 00000000 00000000 00000000 00000000 00000000 00000000
00251: 0000001F 00000000 00000000 00000000 00000000 00000000 00000000 00000000
00252: 00000000 00000000 00000000 00000000 00000000 00000000 00000000 00000040
00253: 00000000 00000000 00000000 00000000 00000000 00000000 00000000 00000040
Test: BT
00254: 0000A5A5 00000000 00000000 00000000 00000000 00000000 00000000 00000001
00255: 0000000A 00000000 00000000 00000000 00000000 00000000 00000000 00000000
00256: 0000A5A5 00000000 00000000 00000000 00000000 00000000 00000000 00000001
00257: 0000A5A5 00000000 00000000 00000000 00000000 00000000 00000000 00000000
00258: A5A5A5A5 00000019 00000000 00000000 00000000 00000000 00000000 00000000
00259: A5A5A5A5 00000019 00000017 00000000 00000000 00000000 00000000 00000000
00260: A5A5A5A5 00000019 00000017 00000000 00000000 00000000 00000000 00000001
Test: BTC
00261: 0000A585 00000000 00000000 00000000 00000000 00000000 00000000 00000001
00262: 0000000A 00000401 00000000 00000000 00000000 00000000 00000000 00000000
00263: 000085A5 00000401 00000000 00000000 00000000 00000000 00000000 00000001
00264: 000085A5 00002001 00000000 00000000 00000000 00000000 00000000 00000000
00265: A7A5A5A5 00000019 00000000 00000000 00000000 00000000 00000000 00000000
00266: A7A5A5A5 00800001 00000017 00000000 00000000 00000000 00000000 00000000
00267: A5A525A5 00800001 00000017 00000000 00000000 00000000 00000000 00000001
Test: BTR
00268: 0000A585 00000000 00000000 00000000 00000000 00000000 00000000 00000001
00269: 0000000A 00000001 00000000 00000000 00000000 00000000 00000000 00000000
00270: 000085A5 00000001 00000000 00000000 00000000 00000000 00000000 00000001
00271: 000085A5 00000001 00000000 00000000 00000000 00000000 00000000 00000000
00272: A5A5A5A5 00000019 00000000 00000000 00000000 00000000 00000000 00000000
00273: A5A5A5A5 00000001 00000017 00000000 00000000 00000000 00000000 00000000
00274: A5A525A5 00000001 00000017 00000000 00000000 00000000 00000000 00000001
Test: BTS
00275: 0000A5A5 00000000 00000000 00000000 00000000 00000000 00000000 00000001
00276: 0000000A 00000401 00000000 00000000 00000000 00000000 00000000 00000000
00277: 0000A5A5 00000401 00000000 00000000 00000000 00000000 00000000 00000001
00278: 0000A5A5 00002001 00000000 00000000 00000000 00000000 00000000 00000000
00279: A7A5A5A5 00000019 00000000 00000000 00000000 00000000 00000000 00000000
00280: A7A5A5A5 00800001 00000017 00000000 00000000 00000000 00000000 00000000
00281: A5A5A5A5 00800001 00000017 00000000 00000000 00000000 00000000 00000001
Test: BSWAP
00282: 0000001F 00000000 00000000 00000000 00000000 00000000 00000000 00000000
00283: 12345678 00000000 00000000 00000000 00000000 00000000 00000000 00000000
00284: 87654321 00000000 00000000 00000000 00000000 00000000 00000000 00000000
Test: CALL
00285: 00001234 0000FFFC 0000FFFA 00000000 00000000 00000000 00000000 00000000
00286: 00001234 0000FFFC 0000FFFA 00001751 00000000 00000000 00000000 00000000
Test: CBW/CWDE
00287: 00000000 00000000 00000000 00000000 00000000 00000000 00000000 00000000
00288: 00000001 00000000 00000000 00000000 00000000 00000000 00000000 00000000
00289: 0000FF80 00000000 00000000 00000000 00000000 00000000 00000000 00000000
00290: 0000FFFF 00000000 00000000 00000000 00000000 00000000 00000000 00000000
00291: 00000000 00000000 00000000 00000000 00000000 00000000 00000000 00000000
00292: 00000001 00000000 00000000 00000000 00000000 00000000 00000000 00000000
00293: FFFF8000 00000000 00000000 00000000 00000000 00000000 00000000 00000000
00294: FFFFFFFF 00000000 00000000 00000000 00000000 00000000 00000000 00000000
Test: CWD/CDQ
00295: 00000000 00000000 00000000 00000000 00000000 00000000 00000000 00000000
00296: 00000001 00000000 00000000 00000000 00000000 00000000 00000000 00000000
00297: 00008000 00000000 00000000 0000FFFF 00000000 00000000 00000000 00000000
00298: 0000FFFF 00000000 00000000 0000FFFF 00000000 00000000 00000000 00000000
00299: 00000000 00000000 00000000 00000000 00000000 00000000 00000000 00000000
00300: 00000001 00000000 00000000 00000000 00000000 00000000 00000000 00000000
00301: 80000000 00000000 00000000 FFFFFFFF 00000000 00000000 00000000 00000000
00302: FFFFFFFF 00000000 00000000 FFFFFFFF 00000000 00000000 00000000 00000000
Test: CLC/STC/CMC
00303: 00000000 00000000 00000000 00000000 00000000 00000000 00000000 00000044
00304: 00000000 00000000 00000000 00000000 00000000 00000000 00000000 00000045
00305: 00000000 00000000 00000000 00000000 00000000 00000000 00000000 00000045
Test: CLD/STD
00306: 00000000 00000000 00000000 00000000 00000000 00000000 00000000 00000044
00307: 00000000 00000000 00000000 00000000 00000000 00000000 00000000 00000444
Test: Jcc
00308: 0000003F 00000040 00000000 00001234 00000000 00000000 00000000 00000000
Test: CMP
00309: 000000FE 00000000 00000000 00000000 00000000 00000000 00000000 00000080
00310: 00000000 000000FF 00000000 00000000 00000000 00000000 00000000 00000080
00311: 00000000 000000FF 00000000 00000000 00000000 00000000 00000000 00000095
00312: 00000000 000000FF 00000000 00000001 00000000 00000000 00000000 00000044
00313: 00007E00 000000FF 00000000 00000001 00000000 00000000 00000000 00000004
00314: 00000000 00007FFF 00000000 00000001 00000000 00000000 00000000 00000004
00315: 00000000 00007FFF 00008000 00000001 00000000 00000000 00000000 00000810
00316: 00000000 00007FFF 00008000 00008101 00000000 00000000 00000000 00000080
00317: 00000000 00007FFF 00008000 00008101 00000000 00000000 00000000 00000095
00318: 0000FFFE 00007FFF 00008000 00008101 00000000 00000000 00000000 00000080
00319: 00000000 0000FFFF 00008000 00008101 00000000 00000000 00000000 00000080
00320: 00000000 0000FFFF 00000000 00008101 00000000 00000000 00000000 00000095
00321: 00000000 0000FFFF 00000000 00000001 00000000 00000000 00000000 00000044
00322: 00007FFE 0000FFFF 00000000 00000001 00000000 00000000 00000000 00000000
00323: 00000000 00007FFF 00000000 00000001 00000000 00000000 00000000 00000000
00324: 00000000 00007FFF 00008000 00000001 00000000 00000000 00000000 00000814
00325: 00000000 00007FFF 00008000 00008001 00000000 00000000 00000000 00000084
00326: 00000000 00000000 00008000 00008001 00000000 00000000 00000000 00000095
00327: FFFFFFFE 00000000 00008000 00008001 00000000 00000000 00000000 00000080
00328: FFFF0000 FFFFFFFF 00008000 00008001 00000000 00000000 00000000 00000080
00329: FFFF0000 FFFFFFFF 00000000 00008001 00000000 00000000 00000000 00000095
00330: FFFF0000 FFFFFFFF 00000000 00000001 00000000 00000000 00000000 00000044
00331: 7FFFFFFE FFFFFFFF 00000000 00000001 00000000 00000000 00000000 00000000
00332: 7FFF0000 7FFFFFFF 00000000 00000001 00000000 00000000 00000000 00000000
00333: 7FFF0000 7FFFFFFF 80000000 00000001 00000000 00000000 00000000 00000814
00334: 7FFF0000 7FFFFFFF 80000000 80000001 00000000 00000000 00000000 00000084
00335: 00000000 00000000 80000000 80000001 00000000 00000000 00000000 00000095
Test: CMPSB/W/D
00336: 00000000 00000000 00000014 00000000 00001B62 00001B7B 00000000 00000095
00337: 00000000 00000000 00000010 00000000 00001BA2 00001BD4 00000000 00000095
00338: 00000000 00000000 00000008 00000000 00001C3A 00001C9E 00000000 00000000
00339: 00000000 00000000 00000003 00000000 00001B74 00001B8C 00000000 00000044
00340: 00000000 00000000 00000003 00000000 00001BBE 00001BEE 00000000 00000044
00341: 00000000 00000000 00000003 00000000 00001C52 00001CB2 00000000 00000044
Test: LODSB/W/D
00342: 0000004E 00000000 00000000 00000000 00001D0D 00000000 00000000 00000000
00343: 00000043 00000000 00000000 00000000 00001D20 00000000 00000000 00000000
00344: 00000056 00000000 00000000 00000000 00001DA8 00000000 00000000 00000000
Test: SCASB/W/D
00345: 00000041 00000000 0000000A 00000000 00000000 00001E55 00000000 00000095
00346: 00000041 00000000 0000000E 00000000 00000000 00001E78 00000000 00000095
00347: 00000041 00000000 00000005 00000000 00000000 00001EEA 00000000 00000095
00348: 00000051 00000000 00000009 00000000 00000000 00001F13 00000000 00000044
00349: 0000004A 00000000 00000010 00000000 00000000 00001F31 00000000 00000044
00350: 00000059 00000000 00000001 00000000 00000000 00001FB7 00000000 00000044
Test: STOSB/W/D
00351: 00000041 00000000 00000000 00000000 00000000 0000003A 00000000 00000000
00352: 00000047 00000000 00000000 00000000 00000000 0000004C 00000000 00000000
00353: 0000005A 00000000 00000000 00000000 00000000 00000052 00000000 00000000
Test: DEC
00354: 00000001 00000000 00000000 00000000 00000000 00000000 00000000 00000000
00355: 00000000 00000000 00000000 00000000 00000000 00000000 00000000 00000044
00356: 00000000 00000000 000000FF 00000000 00000000 00000000 00000000 00000094
00357: 00000000 00000000 000000FF 000000FE 00000000 00000000 00000000 00000080
00358: 0000FD00 00000000 000000FF 000000FE 00000000 00000000 00000000 00000080
00359: 00000000 00008000 000000FF 000000FE 00000000 00000000 00000000 00000080
00360: 00000000 00008000 00007FFF 000000FE 00000000 00000000 00000000 00000810
00361: 00000001 00008000 00007FFF 000000FE 00000000 00000000 00000000 00000000
00362: 00000000 00000000 00007FFF 000000FE 00000000 00000000 00000000 00000044
00363: 00000000 00000000 0000FFFF 000000FE 00000000 00000000 00000000 00000094
00364: 00000000 00000000 0000FFFF 0000FFFE 00000000 00000000 00000000 00000080
00365: 00000000 00000000 0000FFFF 0000FFFE 0000FFFD 00000000 00000000 00000080
00366: 00000000 00000000 0000FFFF 0000FFFE 0000FFFD 00008000 00000000 00000084
00367: 00000000 00000000 0000FFFF 0000FFFE 0000FFFD 00008000 00007FFF 00000814
00368: 00000001 00000000 0000FFFF 0000FFFE 0000FFFD 00008000 00007FFF 00000000
00369: 00000000 00000000 0000FFFF 0000FFFE 0000FFFD 00008000 00007FFF 00000044
00370: 00000000 00000000 FFFFFFFF 0000FFFE 0000FFFD 00008000 00007FFF 00000094
00371: 00000000 00000000 FFFFFFFF FFFFFFFE 0000FFFD 00008000 00007FFF 00000080
00372: 00000000 00000000 FFFFFFFF FFFFFFFE FFFFFFFD 00008000 00007FFF 00000080
00373: 00000000 00000000 FFFFFFFF FFFFFFFE FFFFFFFD 80000000 00007FFF 00000084
00374: 00000000 00000000 FFFFFFFF FFFFFFFE FFFFFFFD 80000000 7FFFFFFF 00000814
Test: INC
00375: 00000080 00000000 00000000 00000000 00000000 00000000 00000000 00000890
00376: 00000000 00000002 00000000 00000000 00000000 00000000 00000000 00000000
00377: 00000000 00000002 00000001 00000000 00000000 00000000 00000000 00000000
00378: 00000000 00000002 00000001 00000000 00000000 00000000 00000000 00000054
00379: 0000FF00 00000002 00000001 00000000 00000000 00000000 00000000 00000084
00380: 00000000 00008202 00000001 00000000 00000000 00000000 00000000 00000084
00381: 00000000 00008202 00008101 00000000 00000000 00000000 00000000 00000084
00382: 00008000 00008202 00008101 00000000 00000000 00000000 00000000 00000894
00383: 00000000 00000002 00008101 00000000 00000000 00000000 00000000 00000000
00384: 00000000 00000002 00000001 00000000 00000000 00000000 00000000 00000000
00385: 00000000 00000002 00000001 00000000 00000000 00000000 00000000 00000054
00386: 00000000 00000002 00000001 00000000 0000FFFF 00000000 00000000 00000084
00387: 00000000 00000002 00000001 00000000 0000FFFF 00008002 00000000 00000080
00388: 00000000 00000002 00000001 00000000 0000FFFF 00008002 00008001 00000080
00389: 80000000 00000002 00000001 00000000 0000FFFF 00008002 00008001 00000894
00390: 80000000 00000002 00000001 00000000 0000FFFF 00008002 00008001 00000000
00391: 80000000 00000002 00000001 00000000 0000FFFF 00008002 00008001 00000000
00392: 80000000 00000002 00000001 00000000 0000FFFF 00008002 00008001 00000054
00393: 80000000 00000002 00000001 00000000 FFFFFFFF 00008002 00008001 00000084
00394: 80000000 00000002 00000001 00000000 FFFFFFFF 80000002 00008001 00000080
00395: 80000000 00000002 00000001 00000000 FFFFFFFF 80000002 80000001 00000080
Test: Unsigned DIV
00396: 0000BAD0 00000012 00000002 00000000 00000000 00000000 00000000 00000000
00397: 00001491 00000020 00000002 00000000 00000000 00000000 00000000 00000000
00398: 0000DA9A 00006543 00000002 000019E6 00000000 00000000 00000000 00000000
00399: 0000BAD0 00003456 00000002 00005678 00000000 00000000 00000000 00000000
00400: 0000BAD0 00000000 00000002 00005678 00000000 00000000 00000000 00000000
00401: 7D768B4D 25252525 00000003 00000000 00000000 00000000 00000000 00000000
00402: 0000BAD0 12121212 00000003 12345678 00000000 00000000 00000000 00000000
00403: 0000BAD0 00000000 00000003 12345678 00000000 00000000 00000000 00000000
Test: Signed IDIV
00404: 0000BAD0 00000012 00000002 00000000 00000000 00000000 00000000 00000000
00405: 00001491 00000020 00000002 00000000 00000000 00000000 00000000 00000000
00406: 0000DA9A 00006543 00000002 000019E6 00000000 00000000 00000000 00000000
00407: 0000BAD0 00003456 00000002 00005678 00000000 00000000 00000000 00000000
00408: 0000BAD0 00000000 00000002 00005678 00000000 00000000 00000000 00000000
00409: 0000BAD0 00000012 00000002 00005678 00000000 00000000 00000000 00000000
00410: 7D768B4D 25252525 00000003 00000000 00000000 00000000 00000000 00000000
00411: 0000BAD0 12121212 00000003 12345678 00000000 00000000 00000000 00000000
00412: 0000BAD0 00000000 00000003 12345678 00000000 00000000 00000000 00000000
Test: Signed IMUL
00413: 000003A8 00000012 00000000 00000000 00000000 00000000 00000000 00000801
00414: 000003A8 00000012 00000000 00000000 00000000 00000000 00000000 00000801
00415: 0000751C 00007623 00000000 00000866 00000000 00000000 00000000 00000801
00416: 0000751C 00007623 00000000 00000866 00000000 00000000 00000000 00000801
00417: 00001908 00004321 00000000 00000866 00000000 00000000 00000000 00000801
00418: 00004FA5 00004321 00000000 00000866 00000000 00000000 00000000 00000801
00419: 0000EF8A 00004321 00000000 00000866 00000000 00000000 00000000 00000801
00420: 00002AA7 00004321 00000000 00000866 00000000 00000000 00000000 00000801
00421: 0000F4B4 00004321 00000000 00000866 00000000 00000000 00000000 00000801
00422: 0000F4B4 00004321 00000000 00000866 00000000 00000000 00000000 00000801
00423: 9C070DF5 22334455 00000000 EFE34BE5 00000000 00000000 00000000 00000801
00424: 9C070DF5 22334455 00000000 EFE34BE5 00000000 00000000 00000000 00000801
00425: 04C5F4B4 00004321 00000000 EFE34BE5 00000000 00000000 00000000 00000000
00426: F68A8FF6 00004321 00000000 EFE34BE5 00000000 00000000 00000000 00000801
00427: 1A1090C0 43421218 00000000 EFE34BE5 00000000 00000000 00000000 00000801
00428: D6A587A2 43421218 00000000 EFE34BE5 00000000 00000000 00000000 00000801
00429: 10709BCD 43421218 00000000 EFE34BE5 00000000 00000000 00000000 00000801
00430: 05D84AA7 43421218 00000000 EFE34BE5 00000000 00000000 00000000 00000801
Test: Unsigned MUL
00431: 000003A8 00000012 00000000 00000000 00000000 00000000 00000000 00000801
00432: 000003A8 00000012 00000000 00000000 00000000 00000000 00000000 00000801
00433: 0000751C 00007623 00000000 00000866 00000000 00000000 00000000 00000801
00434: 0000751C 00007623 00000000 00000866 00000000 00000000 00000000 00000801
00435: 0000F4B4 00004321 00000000 000004C5 00000000 00000000 00000000 00000801
00436: 0000F4B4 00004321 00000000 000004C5 00000000 00000000 00000000 00000801
00437: 9C070DF5 22334455 00000000 1216903A 00000000 00000000 00000000 00000801
00438: 9C070DF5 22334455 00000000 1216903A 00000000 00000000 00000000 00000801
00439: 04C5F4B4 00004321 00000000 00000000 00000000 00000000 00000000 00000000
00440: F68A8FF6 00004321 00000000 027FB070 00000000 00000000 00000000 00000801
Test: IRET
00441: 00001234 00000000 00000000 00000000 00000000 00000000 00000000 00000044
00442: 12345678 00000000 00000000 00000000 00000000 00000000 00000000 00000001
Test: LAHF/SAHF
00443: 00004600 00000000 00000000 00000000 00000000 00000000 00000000 00000044
00444: 00004700 00000000 00000000 00000000 00000000 00000000 00000000 00000045
Test: LEA
00445: 00000000 0000000A 00000000 00000000 00000000 00004321 00001234 00000000
00446: 00000000 00000010 00000000 00000000 00000000 00004321 00001234 00000000
00447: 00000000 00000010 00000000 00000000 00001234 00004321 00001234 00000000
00448: 00000000 00005555 00000000 00000000 00001234 00004321 00001234 00000000
00449: 0000987B 00005555 00000000 00000000 00001234 00004321 00001234 00000000
00450: 0000987B 0000000A 00000000 00000000 00001234 87654321 12345678 00000000
00451: 0000987B 00000010 00000000 00000000 00001234 87654321 12345678 00000000
00452: 0000987B 00000010 00000000 00000000 12345679 87654321 12345678 00000000
00453: 0000987B 99999999 00000000 00000000 12345679 87654321 12345678 00000000
00454: 20FEDCBF 99999999 00000000 00000000 12345679 87654321 12345678 00000000
Test: Loopcc
00455: 00000000 00000000 00000000 00000000 00000000 00000000 00000000 00000000
00456: 00000000 00000000 00000000 00000000 00000000 00000000 00000000 00000000
00457: 0000FFFF 00000000 00000000 00000000 00000000 00000000 00000000 00000000
00458: 0000FFFF 00000000 00010000 00000000 00000000 00000000 00000000 00000000
00459: 0000FFFF 00000000 00000000 00000000 00000000 00000000 00000000 00000000
Test: MOV
00460: 00004581 00003672 00002763 00001854 00000000 00000000 00000000 00000000
00461: 00009AA9 0000BC12 0000FE87 00001234 0000876A 00003453 0000BB88 00000000
00462: 0000BC12 0000FE87 00001234 0000129A 0000876A 00003453 0000BB88 00000000
00463: 0000FE87 00001234 0000129A 0000876A 00003453 0000BB88 0000FE87 00000000
00464: 0000FE12 00000000 000012B8 0000878E 0000000A 00000014 0000000A 00000000
00465: 00004321 00000000 000000B8 0000D08E 0000000A 00000014 0000000A 00000000
00466: 0000D08E 00000000 0000E9FF 00000000 0000000A 00000014 0000000A 00000000
00467: 23459AA9 7443BC12 937DFE87 FFFF1234 2235876A 88AA3453 99AABB88 00000000
00468: 23234321 00000004 B8C08ED8 00B8C08E 00000005 0000000A 0000000A 00000000
00469: 23234321 00000004 BCD08E80 00000200 00000005 0000000A 0000000A 00000000
00470: D08E8000 00000004 FEBCD08E 23432100 00000005 0000000A 0000000A 00000000
00471: 01D70000 00000004 FEBCD08E 0000035F 00000005 0000000A 0000000A 00000000
Test: MOVSX/MOVZX
00472: 0000007F 0000FF80 0000007F 00000080 00000000 00000000 00000000 00000000
00473: 0000007F 0000FF80 0000007F 0000007F 00000000 00000000 00000000 00000000
00474: 0000007F 00000080 0000007F 0000007F 00000000 00000000 00000000 00000000
00475: 00007FFF 00007FFF 00008000 FFFF8000 00000000 00000000 00000000 00000000
00476: 0000007F FFFFFF80 0000007F 00000080 00000000 00000000 00000000 00000000
00477: 00007FFF FFFF8000 00007FFF 00008000 00000000 00000000 00000000 00000000
00478: 00007FFF 00007FFF 00008000 00008000 00000000 00000000 00000000 00000000
00479: 0000007F FFFFFF80 0000807F 0000007F 00000000 00000000 00000000 00000000
00480: 0000007F 00000080 0000807F 0000007F 00000000 00000000 00000000 00000000
Test: NEG
00481: 00000002 00000000 00000000 00000000 00000000 00000000 00000000 00000011
00482: 00000001 00000000 00000000 00000000 00000000 00000000 00000000 00000011
00483: 00000000 00000000 00000000 00000000 00000000 00000000 00000000 00000044
00484: 000000FF 00000000 00000000 00000000 00000000 00000000 00000000 00000095
00485: 00000081 00000000 00000000 00000000 00000000 00000000 00000000 00000095
00486: 00000080 00000000 00000000 00000000 00000000 00000000 00000000 00000881
00487: 00000002 00000000 00000000 00000000 00000000 00000000 00000000 00000011
00488: 00000001 00000000 00000000 00000000 00000000 00000000 00000000 00000011
00489: 00000000 00000000 00000000 00000000 00000000 00000000 00000000 00000044
00490: 0000FFFF 00000000 00000000 00000000 00000000 00000000 00000000 00000095
00491: 00008001 00000000 00000000 00000000 00000000 00000000 00000000 00000091
00492: 00008000 00000000 00000000 00000000 00000000 00000000 00000000 00000885
00493: 00000002 00000000 00000000 00000000 00000000 00000000 00000000 00000011
00494: 00000001 00000000 00000000 00000000 00000000 00000000 00000000 00000011
00495: 00000000 00000000 00000000 00000000 00000000 00000000 00000000 00000044
00496: FFFFFFFF 00000000 00000000 00000000 00000000 00000000 00000000 00000095
00497: 80000001 00000000 00000000 00000000 00000000 00000000 00000000 00000091
00498: 80000000 00000000 00000000 00000000 00000000 00000000 00000000 00000885
Test: NOT
00499: 00000001 00000000 00000000 00000000 00000000 00000000 00000000 00000044
00500: 00000000 00000000 00000000 00000000 00000000 00000000 00000000 00000001
00501: 000000FF 00000000 00000000 00000000 00000000 00000000 00000000 00000005
00502: 000000FE 00000000 00000000 00000000 00000000 00000000 00000000 00000005
00503: 00000080 00000000 00000000 00000000 00000000 00000000 00000000 00000001
00504: 0000007F 00000000 00000000 00000000 00000000 00000000 00000000 00000001
00505: 00000001 00000000 00000000 00000000 00000000 00000000 00000000 00000005
00506: 00000000 00000000 00000000 00000000 00000000 00000000 00000000 00000005
00507: 0000FFFF 00000000 00000000 00000000 00000000 00000000 00000000 00000001
00508: 0000FFFE 00000000 00000000 00000000 00000000 00000000 00000000 00000005
00509: 00008000 00000000 00000000 00000000 00000000 00000000 00000000 00000001
00510: 00007FFF 00000000 00000000 00000000 00000000 00000000 00000000 00000001
00511: 00000001 00000000 00000000 00000000 00000000 00000000 00000000 00000005
00512: 00000000 00000000 00000000 00000000 00000000 00000000 00000000 00000015
00513: FFFFFFFF 00000000 00000000 00000000 00000000 00000000 00000000 00000001
00514: FFFFFFFE 00000000 00000000 00000000 00000000 00000000 00000000 00000001
00515: 80000000 00000000 00000000 00000000 00000000 00000000 00000000 00000005
00516: 7FFFFFFF 00000000 00000000 00000000 00000000 00000000 00000000 00000001
Test: PAUSE
00517: 00000000 00000000 00000000 00000000 00000000 00000000 00000000 00000000
Test: PUSHx/POPx
00518: 00001234 00004444 00004321 00002222 0000CCCC 0000FFFF 0000AAAA 00000000
00519: 00001234 00004444 00004321 00002222 0000CCCC 0000FFFF 0000AAAA 00000000
00520: 00001234 00004444 00004321 00002222 0000CCCC 0000FFFF 0000AAAA 00000000
00521: 00000007 00004444 00004321 00002222 0000CCCC 0000FFFF 0000AAAA 00000000
00522: 12345678 44444444 87654321 22222222 CCCCCCCC FFFFFFFF AAAAAAAA 00000000
00523: 12345678 44444444 87654321 22222222 CCCCCCCC FFFFFFFF AAAAAAAA 00000000
00524: 12345678 44444444 87654321 22222222 CCCCCCCC FFFFFFFF AAAAAAAA 00000000
00525: 00000003 44444444 87654321 22222222 CCCCCCCC FFFFFFFF AAAAAAAA 00000000
Test: RCL
00526: 000000FD 00000000 00000000 00000000 00000000 00000000 00000000 00000001
00527: 00000000 000000FF 00000004 00000000 00000000 00000000 00000000 00000001
00528: 00000000 000000FF 00000004 00000000 00000000 00000000 00000000 00000000
00529: 00000000 000000FF 00000004 000000C0 00000000 00000000 00000000 00000000
00530: 0000F500 000000FF 00000003 000000C0 00000000 00000000 00000000 00000001
00531: 00000000 0000FFFF 00000003 000000C0 00000000 00000000 00000000 00000800
00532: 00000000 0000FFFF 00000103 000000C0 00000000 00000000 00000000 00000801
00533: 00000000 0000FFFF 00000103 000003C0 00000000 00000000 00000000 00000801
00534: 00000100 0000FFFF 00000103 000003C0 00000000 00000000 00000000 00000000
00535: 0000FFFD 0000FFFF 00000103 000003C0 00000000 00000000 00000000 00000001
00536: 00000000 0000FFFF 00000103 000003C0 00000000 00000000 00000000 00000001
00537: 00000000 0000FFFF 00000103 00000001 00000000 00000000 00000000 00000000
00538: 00000000 0000FFFF 00000103 00000003 00000000 00000000 00000000 00000000
00539: 0000FFFD 0000FFFF 00000103 00000003 00000000 00000000 00000000 00000800
00540: 00000000 0000FFFF 00000103 00000003 00000000 00000000 00000000 00000800
00541: 00000000 0000FFFF 00000103 00000001 00000000 00000000 00000000 00000801
00542: 00000000 0000FFFF 00000103 00000003 00000000 00000000 00000000 00000801
00543: 00000001 00000003 00000103 00000003 00000000 00000000 00000000 00000000
00544: FFFFFFFD 00000003 00000103 00000003 00000000 00000000 00000000 00000001
00545: FFFF0000 FFFFFFFF 00000103 00000003 00000000 00000000 00000000 00000001
00546: FFFF0000 FFFFFFFF 00000103 00000001 00000000 00000000 00000000 00000000
00547: FFFF0000 FFFFFFFF 00000103 00000003 00000000 00000000 00000000 00000000
00548: FFFF5FFF FFFFFFFF 0000010F 00000003 00000000 00000000 00000000 00000001
00549: FFFF0000 FFFFFFFF 0000010F 00000003 00000000 00000000 00000000 00000800
00550: FFFF0000 FFFFFFFF 0000010F 00000001 00000000 00000000 00000000 00000801
00551: FFFF0000 FFFFFFFF 0000010F 00000003 00000000 00000000 00000000 00000801
00552: 00000003 00000007 0000010F 00000003 00000000 00000000 00000000 00000000
Test: RCR
00553: 000000FF 00000000 00000000 00000000 00000000 00000000 00000000 00000000
00554: 00000000 000000FF 00000004 00000000 00000000 00000000 00000000 00000001
00555: 00000000 000000FF 00000020 00000000 00000000 00000000 00000000 00000000
00556: 00000000 000000FF 00000020 00000006 00000000 00000000 00000000 00000000
00557: 0000AF00 000000FF 00000003 00000006 00000000 00000000 00000000 00000001
00558: 00000000 0000BFFF 00000003 00000006 00000000 00000000 00000000 00000801
00559: 00000000 0000BFFF 0000C003 00000006 00000000 00000000 00000000 00000000
00560: 00000000 0000BFFF 0000C003 0000C006 00000000 00000000 00000000 00000001
00561: 00008307 0000BFFF 0000C003 0000C006 00000000 00000000 00000000 00000801
00562: 0000FFFF 0000BFFF 0000C003 0000C006 00000000 00000000 00000000 00000000
00563: 00000000 0000FFFF 0000C003 0000C006 00000000 00000000 00000000 00000001
00564: 00000000 0000FFFF 0000C003 00008000 00000000 00000000 00000000 00000800
00565: 00000000 0000FFFF 0000C003 00008000 00000000 00000000 00000000 00000801
00566: 0000BFFF 0000FFFF 0000C003 00008000 00000000 00000000 00000000 00000800
00567: 00000000 0000BFFF 0000C003 00008000 00000000 00000000 00000000 00000801
00568: 00000000 0000BFFF 0000C003 0000C000 00000000 00000000 00000000 00000000
00569: 00000000 0000BFFF 0000C003 0000C000 00000000 00000000 00000000 00000001
00570: 00000083 00008041 0000C003 0000C000 00000000 00000000 00000000 00000801
00571: FFFFFFFF 00008041 0000C003 0000C000 00000000 00000000 00000000 00000000
00572: FFFF0000 FFFFFFFF 0000C003 0000C000 00000000 00000000 00000000 00000001
00573: FFFF0000 FFFFFFFF 0000C003 80000000 00000000 00000000 00000000 00000800
00574: FFFF0000 FFFFFFFF 0000C003 80000000 00000000 00000000 00000000 00000801
00575: FFFAFFFF FFFFFFFF 0000C00F 80000000 00000000 00000000 00000000 00000001
00576: FFFA0000 BFFFFFFF 0000C00F 80000000 00000000 00000000 00000000 00000801
00577: FFFA0000 BFFFFFFF 0000C00F C0000000 00000000 00000000 00000000 00000000
00578: FFFA0000 BFFFFFFF 0000C00F C0000000 00000000 00000000 00000000 00000001
00579: 00008041 80004020 0000C00F C0000000 00000000 00000000 00000000 00000801
Test: ROL
00580: 000000FD 00000000 00000000 00000000 00000000 00000000 00000000 00000001
00581: 00000000 000000FF 00000004 00000000 00000000 00000000 00000000 00000001
00582: 00000000 000000FF 00000000 00000000 00000000 00000000 00000000 00000000
00583: 00000000 000000FF 00000000 00000080 00000000 00000000 00000000 00000000
00584: 0000F300 000000FF 00000003 00000080 00000000 00000000 00000000 00000001
00585: 00000000 0000FEFF 00000003 00000080 00000000 00000000 00000000 00000800
00586: 00000000 0000FEFF 00000103 00000080 00000000 00000000 00000000 00000801
00587: 00000000 0000FEFF 00000103 00000380 00000000 00000000 00000000 00000801
00588: 00004020 0000FEFF 00000103 00000380 00000000 00000000 00000000 00000000
00589: 0000FFFD 0000FEFF 00000103 00000380 00000000 00000000 00000000 00000001
00590: 00000000 0000FFFF 00000103 00000380 00000000 00000000 00000000 00000001
00591: 00000000 0000FFFF 00000103 00000000 00000000 00000000 00000000 00000000
00592: 00000000 0000FFFF 00000103 00000002 00000000 00000000 00000000 00000000
00593: 0000FFFC 0000FFFF 00000103 00000002 00000000 00000000 00000000 00000800
00594: 00000000 0000FFFE 00000103 00000002 00000000 00000000 00000000 00000800
00595: 00000000 0000FFFE 00000103 00000001 00000000 00000000 00000000 00000801
00596: 00000000 0000FFFE 00000103 00000003 00000000 00000000 00000000 00000801
00597: 00004040 00008080 00000103 00000003 00000000 00000000 00000000 00000800
00598: FFFFFFFD 00008080 00000103 00000003 00000000 00000000 00000000 00000001
00599: FFFF0000 FFFFFFFF 00000103 00000003 00000000 00000000 00000000 00000001
00600: FFFF0000 FFFFFFFF 00000103 00000000 00000000 00000000 00000000 00000000
00601: FFFF0000 FFFFFFFF 00000103 00000002 00000000 00000000 00000000 00000000
00602: FFFF3FFF FFFFFFFF 0000010F 00000002 00000000 00000000 00000000 00000001
00603: FFFF0000 FFFFFFFE 0000010F 00000002 00000000 00000000 00000000 00000800
00604: FFFF0000 FFFFFFFE 0000010F 00000001 00000000 00000000 00000000 00000801
00605: FFFF0000 FFFFFFFE 0000010F 00000003 00000000 00000000 00000000 00000801
00606: 80008080 00010101 0000010F 00000003 00000000 00000000 00000000 00000801
Test: ROR
00607: 0000007F 00000000 00000000 00000000 00000000 00000000 00000000 00000800
00608: 00000000 000000FF 00000004 00000000 00000000 00000000 00000000 00000001
00609: 00000000 000000FF 00000000 00000000 00000000 00000000 00000000 00000000
00610: 00000000 000000FF 00000000 00000002 00000000 00000000 00000000 00000000
00611: 0000CF00 000000FF 00000003 00000002 00000000 00000000 00000000 00000001
00612: 00000000 0000BFFF 00000003 00000002 00000000 00000000 00000000 00000801
00613: 00000000 0000BFFF 00004003 00000002 00000000 00000000 00000000 00000800
00614: 00000000 0000BFFF 00004003 0000C002 00000000 00000000 00000000 00000001
00615: 00008001 0000BFFF 00004003 0000C002 00000000 00000000 00000000 00000801
00616: 00007FFF 0000BFFF 00004003 0000C002 00000000 00000000 00000000 00000800
00617: 00000000 0000FFFF 00004003 0000C002 00000000 00000000 00000000 00000001
00618: 00000000 0000FFFF 00004003 00000000 00000000 00000000 00000000 00000000
00619: 00000000 0000FFFF 00004003 00008000 00000000 00000000 00000000 00000801
00620: 00003FFF 0000FFFF 00004003 00008000 00000000 00000000 00000000 00000000
00621: 00000000 0000BFFF 00004003 00008000 00000000 00000000 00000000 00000801
00622: 00000000 0000BFFF 00004003 00004000 00000000 00000000 00000000 00000800
00623: 00000000 0000BFFF 00004003 0000C000 00000000 00000000 00000000 00000001
00624: 00000180 000000C0 00004003 0000C000 00000000 00000000 00000000 00000000
00625: 7FFFFFFF 000000C0 00004003 0000C000 00000000 00000000 00000000 00000800
00626: 7FFF0000 FFFFFFFF 00004003 0000C000 00000000 00000000 00000000 00000001
00627: 7FFF0000 FFFFFFFF 00004003 00000000 00000000 00000000 00000000 00000000
00628: 7FFF0000 FFFFFFFF 00004003 80000000 00000000 00000000 00000000 00000801
00629: FFFCFFFF FFFFFFFF 0000400F 80000000 00000000 00000000 00000000 00000001
00630: FFFC0000 BFFFFFFF 0000400F 80000000 00000000 00000000 00000000 00000801
00631: FFFC0000 BFFFFFFF 0000400F 40000000 00000000 00000000 00000000 00000800
00632: FFFC0000 BFFFFFFF 0000400F C0000000 00000000 00000000 00000000 00000001
00633: 000100C0 00008060 0000400F C0000000 00000000 00000000 00000000 00000000
Test: SAL
00634: 000000FC 00000000 00000000 00000000 00000000 00000000 00000000 00000001
00635: 00000000 000000F0 00000004 00000000 00000000 00000000 00000000 00000001
00636: 00000000 000000F0 00000000 00000000 00000000 00000000 00000000 00000000
00637: 00000000 000000F0 00000000 00000080 00000000 00000000 00000000 00000000
00638: 0000F000 000000F0 00000003 00000080 00000000 00000000 00000000 00000001
00639: 00000000 0000FEF0 00000003 00000080 00000000 00000000 00000000 00000800
00640: 00000000 0000FEF0 00000003 00000080 00000000 00000000 00000000 00000801
00641: 00000000 0000FEF0 00000003 00000280 00000000 00000000 00000000 00000801
00642: 0000C060 0000FEF0 00000003 00000280 00000000 00000000 00000000 00000800
00643: 0000FFFC 0000FEF0 00000003 00000280 00000000 00000000 00000000 00000001
00644: 00000000 0000FFFE 00000003 00000280 00000000 00000000 00000000 00000001
00645: 00000000 0000FFFE 00000003 00000000 00000000 00000000 00000000 00000000
00646: 00000000 0000FFFE 00000003 00000002 00000000 00000000 00000000 00000000
00647: 0000FFFC 0000FFFE 00000003 00000002 00000000 00000000 00000000 00000800
00648: 00000000 0000FFFE 00000003 00000002 00000000 00000000 00000000 00000800
00649: 00000000 0000FFFE 00000003 00000000 00000000 00000000 00000000 00000801
00650: 00000000 0000FFFE 00000003 00000002 00000000 00000000 00000000 00000801
00651: 000080C0 00000180 00000003 00000002 00000000 00000000 00000000 00000801
00652: FFFFFFFC 00000180 00000003 00000002 00000000 00000000 00000000 00000001
00653: FFFF0000 FFFFFFFE 00000003 00000002 00000000 00000000 00000000 00000001
00654: FFFF0000 FFFFFFFE 00000003 00000000 00000000 00000000 00000000 00000000
00655: FFFF0000 FFFFFFFE 00000003 00000002 00000000 00000000 00000000 00000000
00656: FFFF0000 FFFFFFFE 0000000F 00000002 00000000 00000000 00000000 00000001
00657: FFFF0000 FFFFFFFE 0000000F 00000002 00000000 00000000 00000000 00000800
00658: FFFF0000 FFFFFFFE 0000000F 00000000 00000000 00000000 00000000 00000801
00659: FFFF0000 FFFFFFFE 0000000F 00000002 00000000 00000000 00000000 00000801
00660: 00000180 00000300 0000000F 00000002 00000000 00000000 00000000 00000000
Test: SAR
00661: 000000FF 00000000 00000000 00000000 00000000 00000000 00000000 00000000
00662: 00000000 000000FF 00000004 00000000 00000000 00000000 00000000 00000001
00663: 00000000 000000FF 00000000 00000000 00000000 00000000 00000000 00000000
00664: 00000000 000000FF 00000000 00000000 00000000 00000000 00000000 00000000
00665: 00000F00 000000FF 00000003 00000000 00000000 00000000 00000000 00000001
00666: 00000000 00003FFF 00000003 00000000 00000000 00000000 00000000 00000001
00667: 00000000 00003FFF 0000C003 00000000 00000000 00000000 00000000 00000000
00668: 00000000 00003FFF 0000C003 0000C000 00000000 00000000 00000000 00000001
00669: 00000000 00003FFF 0000C003 0000C000 00000000 00000000 00000000 00000000
00670: 0000FFFF 00003FFF 0000C003 0000C000 00000000 00000000 00000000 00000000
00671: 00000000 0000FFFF 0000C003 0000C000 00000000 00000000 00000000 00000001
00672: 00000000 0000FFFF 0000C003 00000000 00000000 00000000 00000000 00000000
00673: 00000000 0000FFFF 0000C003 00000000 00000000 00000000 00000000 00000001
00674: 00003FFF 0000FFFF 0000C003 00000000 00000000 00000000 00000000 00000000
00675: 00000000 00003FFF 0000C003 00000000 00000000 00000000 00000000 00000001
00676: 00000000 00003FFF 0000C003 0000C000 00000000 00000000 00000000 00000000
00677: 00000000 00003FFF 0000C003 0000C000 00000000 00000000 00000000 00000001
00678: 00000300 00000180 0000C003 0000C000 00000000 00000000 00000000 00000000
00679: FFFFFFFF 00000180 0000C003 0000C000 00000000 00000000 00000000 00000000
00680: FFFF0000 FFFFFFFF 0000C003 0000C000 00000000 00000000 00000000 00000001
00681: FFFF0000 FFFFFFFF 0000C003 00000000 00000000 00000000 00000000 00000000
00682: FFFF0000 FFFFFFFF 0000C003 00000000 00000000 00000000 00000000 00000001
00683: 0000FFFF FFFFFFFF 0000C00F 00000000 00000000 00000000 00000000 00000001
00684: 00000000 3FFFFFFF 0000C00F 00000000 00000000 00000000 00000000 00000001
00685: 00000000 3FFFFFFF 0000C00F C0000000 00000000 00000000 00000000 00000000
00686: 00000000 3FFFFFFF 0000C00F C0000000 00000000 00000000 00000000 00000001
00687: 00000180 000000C0 0000C00F C0000000 00000000 00000000 00000000 00000000
Test: SHL
00688: 000000FC 00000000 00000000 00000000 00000000 00000000 00000000 00000001
00689: 00000000 000000F0 00000004 00000000 00000000 00000000 00000000 00000001
00690: 00000000 000000F0 00000000 00000000 00000000 00000000 00000000 00000000
00691: 00000000 000000F0 00000000 00000080 00000000 00000000 00000000 00000000
00692: 0000F000 000000F0 00000003 00000080 00000000 00000000 00000000 00000001
00693: 00000000 0000FEF0 00000003 00000080 00000000 00000000 00000000 00000800
00694: 00000000 0000FEF0 00000003 00000080 00000000 00000000 00000000 00000801
00695: 00000000 0000FEF0 00000003 00000280 00000000 00000000 00000000 00000801
00696: 000080C0 0000FEF0 00000003 00000280 00000000 00000000 00000000 00000001
00697: 0000FFFC 0000FEF0 00000003 00000280 00000000 00000000 00000000 00000001
00698: 00000000 0000FFFE 00000003 00000280 00000000 00000000 00000000 00000001
00699: 00000000 0000FFFE 00000003 00000000 00000000 00000000 00000000 00000000
00700: 00000000 0000FFFE 00000003 00000002 00000000 00000000 00000000 00000000
00701: 0000FFFC 0000FFFE 00000003 00000002 00000000 00000000 00000000 00000800
00702: 00000000 0000FFFE 00000003 00000002 00000000 00000000 00000000 00000800
00703: 00000000 0000FFFE 00000003 00000000 00000000 00000000 00000000 00000801
00704: 00000000 0000FFFE 00000003 00000002 00000000 00000000 00000000 00000801
00705: 00000080 00000100 00000003 00000002 00000000 00000000 00000000 00000000
00706: FFFFFFFC 00000100 00000003 00000002 00000000 00000000 00000000 00000001
00707: FFFF0000 FFFFFFFE 00000003 00000002 00000000 00000000 00000000 00000001
00708: FFFF0000 FFFFFFFE 00000003 00000000 00000000 00000000 00000000 00000000
00709: FFFF0000 FFFFFFFE 00000003 00000002 00000000 00000000 00000000 00000000
00710: FFFF0000 FFFFFFFE 0000000F 00000002 00000000 00000000 00000000 00000001
00711: FFFF0000 FFFFFFFE 0000000F 00000002 00000000 00000000 00000000 00000800
00712: FFFF0000 FFFFFFFE 0000000F 00000000 00000000 00000000 00000000 00000801
00713: FFFF0000 FFFFFFFE 0000000F 00000002 00000000 00000000 00000000 00000801
00714: 00000100 00000200 0000000F 00000002 00000000 00000000 00000000 00000000
Test: SHR
00715: 0000007F 00000000 00000000 00000000 00000000 00000000 00000000 00000800
00716: 00000000 0000000F 00000004 00000000 00000000 00000000 00000000 00000001
00717: 00000000 0000000F 00000000 00000000 00000000 00000000 00000000 00000000
00718: 00000000 0000000F 00000000 00000000 00000000 00000000 00000000 00000000
00719: 00000F00 0000000F 00000003 00000000 00000000 00000000 00000000 00000001
00720: 00000000 00003F0F 00000003 00000000 00000000 00000000 00000000 00000001
00721: 00000000 00003F0F 00004003 00000000 00000000 00000000 00000000 00000800
00722: 00000000 00003F0F 00004003 00004000 00000000 00000000 00000000 00000801
00723: 00000000 00003F0F 00004003 00004000 00000000 00000000 00000000 00000000
00724: 00007FFF 00003F0F 00004003 00004000 00000000 00000000 00000000 00000800
00725: 00000000 00007FFF 00004003 00004000 00000000 00000000 00000000 00000801
00726: 00000000 00007FFF 00004003 00000000 00000000 00000000 00000000 00000000
00727: 00000000 00007FFF 00004003 00000000 00000000 00000000 00000000 00000001
00728: 00003FFF 00007FFF 00004003 00000000 00000000 00000000 00000000 00000000
00729: 00000000 00003FFF 00004003 00000000 00000000 00000000 00000000 00000001
00730: 00000000 00003FFF 00004003 00004000 00000000 00000000 00000000 00000800
00731: 00000000 00003FFF 00004003 00004000 00000000 00000000 00000000 00000801
00732: 00000200 00000100 00004003 00004000 00000000 00000000 00000000 00000000
00733: 7FFFFFFF 00000100 00004003 00004000 00000000 00000000 00000000 00000800
00734: 7FFF0000 7FFFFFFF 00004003 00004000 00000000 00000000 00000000 00000801
00735: 7FFF0000 7FFFFFFF 00004003 00000000 00000000 00000000 00000000 00000000
00736: 7FFF0000 7FFFFFFF 00004003 00000000 00000000 00000000 00000000 00000001
00737: 0000FFFF 7FFFFFFF 0000400F 00000000 00000000 00000000 00000000 00000001
00738: 00000000 3FFFFFFF 0000400F 00000000 00000000 00000000 00000000 00000001
00739: 00000000 3FFFFFFF 0000400F 40000000 00000000 00000000 00000000 00000800
00740: 00000000 3FFFFFFF 0000400F 40000000 00000000 00000000 00000000 00000801
00741: 00000100 00000080 0000400F 40000000 00000000 00000000 00000000 00000000
Test: SETcc
00742: 00000000 00000101 00000100 00000001 00000000 00000000 00000000 00000000
00743: 00000101 00000000 00000000 00000101 00000000 00000000 00000000 00000000
00744: 00000000 00000101 00000001 00000100 00000000 00000000 00000000 00000000
00745: 00000000 00000101 00000001 00000100 00000000 00000000 00000000 00000000
Test: SHLD
00746: 00004688 00004321 00000000 00000000 00000000 00000000 00000000 00000004
00747: 00001234 00008642 00000000 00000000 00000000 00000000 00000000 00000884
00748: 00007765 0000C1A3 00000003 00000000 00000000 00000000 00000000 00000084
00749: 0000D3EA 0000C1A3 00000003 00004367 00000000 00000000 00000000 00000081
00750: 0000F50D 0000C1A3 0000000A 00004367 00000000 00000000 00000000 00000081
00751: 68ACF10E 87654321 0000000A 00004367 00000000 00000000 00000000 00000000
00752: 12345678 A190891A 0000000A 00004367 00000000 00000000 00000000 00000080
00753: 7AA88765 DB2E41A3 00000003 00004367 00000000 00000000 00000000 00000084
00754: F4EEEC3A DB2E41A3 00000003 00004367 00000000 00000000 00000000 00000884
00755: 3AA7D6FF DB2E41A3 0000000C 6FF34367 00000000 00000000 00000000 00000005
Test: SHRD
00756: 0000891A 00004321 00000000 00000000 00000000 00000000 00000000 00000880
00757: 00001234 0000D10C 00000000 00000000 00000000 00000000 00000000 00000085
00758: 00007765 0000B306 00000003 00000000 00000000 00000000 00000000 00000085
00759: 0000EF4F 0000B306 00000003 00004367 00000000 00000000 00000000 00000081
00760: 0000D9DE 0000B306 0000000A 00004367 00000000 00000000 00000000 00000085
00761: 90891A2B 87654321 0000000A 00004367 00000000 00000000 00000000 00000084
00762: 12345678 43B2A190 0000000A 00004367 00000000 00000000 00000000 00000805
00763: 7AA88765 B36CB906 00000003 00004367 00000000 00000000 00000000 00000085
00764: CEF4EEEC B36CB906 00000003 00004367 00000000 00000000 00000000 00000080
00765: 3677A33A B36CB906 0000000C 6FF34367 00000000 00000000 00000000 00000005
Test: UD2
00766: 0000BAD6 00000000 00000002 00000000 00000000 00000000 00000000 00000000
Test: XCHG
00767: 00004321 00001234 00000000 00000000 00000000 00000000 00000000 00000000
00768: 00004312 00001234 00000000 00000000 00000000 00000000 00000000 00000000
00769: 00001234 00004312 00000000 00000000 00000000 00000000 00000000 00000000
00770: 00004312 00001234 00000000 00000000 00000000 00000000 00000000 00000000
00771: 00004312 00001234 00000000 00000000 00000000 00000000 00000000 00000000
00772: 00007754 00009283 00000000 00000000 00000000 00000000 00000000 00000000
00773: 87654321 12345678 00000000 00000000 00000000 00000000 00000000 00000000
00774: 12345678 87654321 00000000 00000000 00000000 00000000 00000000 00000000
00775: 12345678 87654321 00000000 00000000 00000000 00000000 00000000 00000000
00776: 77938454 9AB63283 00000000 00000000 00000000 00000000 00000000 00000000
Test: XLAT
00777: 00000041 00003CE9 00000000 00000000 00000000 00000000 00000000 00000000
00778: 0000004B 00003CE9 00000000 00000000 00000000 00000000 00000000 00000000
00779: 0000005A 00003CE9 00000000 00000000 00000000 00000000 00000000 00000000
00780: 00000051 00003CE9 00000000 00000000 00000000 00000000 00000000 00000000
00781: 0000004E 00003CE9 00000000 00000000 00000000 00000000 00000000 00000000
00782: 00000056 00003CE9 00008000 0000F000 00000000 00000000 00000000 00000000
Done.
